feat_0,feat_1,feat_2,feat_3
-56.60364411638032,12.639455656865936,-2.849879963455669,23.392081402637295
43.39526117511152,-32.23328102008542,92.49503880564957,30.01260938879907
-92.5080568931492,17.73862008302093,29.3384985297694,9.956865928979378
-5.6941840245250415,-11.588462504640157,55.03259686650569,6.6261250220949925
48.34097624884069,-23.973818063880064,11.318512592891613,4.692446106838077
-64.56667779061742,64.13076383016222,55.37688200959243,24.850317346966882
1.402511385273767,-38.135282147811914,59.305362206843206,30.04805210742588
10.800951420257219,57.78488096589856,1.4213035443757422,14.17898629988252
-71.89594058347954,9.409150565052064,-5.224720582368141,20.118362127511258
-24.23243602484868,27.237346222631015,-55.58699508265537,11.023722198958895
22.91466775671665,-35.23693453585016,29.70265471534502,27.02340565281039
-15.822743056902988,38.88106422620436,51.67365878064567,33.01765447230555
28.256425854806302,56.000909571759074,-16.10843699346237,25.49711141796524
-52.071897902915204,-28.459848242831306,-81.430119150866,18.412371065070694
-47.530181100561364,1.1397673405042024,44.47075397639712,30.499955018325494
-51.621505141650744,25.537505198302007,29.913485335741512,14.293533994006856
-7.223263097142959,1.4916797535533932,36.72256625517837,34.42063965337085
68.48174060941015,40.29812757935553,-60.19281861460674,30.02498903341274
7.154335496974735,25.268471749833758,82.62498213047621,27.45415288134032
27.412683896448968,-17.404845530739358,47.40525565311226,25.823036828936544
-23.97920406759884,25.842175445876563,61.74508362997184,16.55927796549663
27.556960307537175,40.405163542611504,-70.32931225016837,15.520776770222147
-74.40882439674343,-0.005629913060894318,-36.99636200540442,13.884742310925406
-38.62034877612271,16.761511990184797,8.334851752611101,24.66769097668537
20.758780619004813,21.57627182890717,-97.95725209239635,32.19816024782288
23.6480145350418,1.5489887330794987,100.30255179689726,9.027423857595007
-18.79007049677661,-53.81302073077856,-61.752544247807684,20.930655289191876
-64.75842066732001,-6.011960182659552,-60.737955907986404,10.775536039754344
-45.49344819622792,47.45342619885501,66.02355526181711,11.643510430972944
-40.72160668283639,34.519352832428815,-47.27406491239252,10.027276958913042
-39.38157491817589,-45.46431237633505,17.69626382281163,30.379835653337572
37.78066310618312,1.748480683505759,37.54304356619674,18.16973345239848
-58.849587930201025,18.985477582834157,-61.19269947716451,30.23638204334269
48.73180228498384,8.72950867688205,-88.09532201524654,8.204538835229569
53.14534200340271,-32.84058267797625,38.708348648865616,25.41131677408935
-76.51430456572716,23.814662571576456,78.35086279682484,23.27407666704319
-26.112382084258183,31.664304814672338,56.988970511709134,26.758816049757094
-7.738714058334788,9.566297262327403,-76.8416042969542,18.269100166365572
-72.3242100260428,65.05926631488356,-31.340616368253873,12.102128473989517
-17.84810076972605,13.41059726768252,-7.425809370914822,3.921802691312328
53.958237494485175,-56.478349913610415,-85.66396407751506,24.789835086008093
-69.98865148666351,-20.621928394098514,71.35648752147121,28.936029503076014
7.569827159601523,30.798170247731417,64.59201908360454,2.3052500037987396
-60.66801702621421,-47.86941039210929,98.56376513801025,20.714704445240134
5.223950368763147,71.56192769571355,65.48556798103024,27.29065795131611
55.372782869455335,24.720916298684575,72.72498196713019,14.376532917157204
-53.331941912383115,35.74988461042059,-37.4597841291497,7.42736458339757
-85.2807711261357,-35.43710559286689,36.77507358656679,12.200016160416741
-63.956781158969825,-57.62374036415091,67.90967538677396,27.197935956828978
-1.0717739651958214,42.47477112656276,-101.75889379426125,18.827290383205014
-71.01885574260913,5.671238477287212,-99.07929548307285,25.940169966858946
-64.12329897954034,-2.8223890457129643,104.43070364786311,1.818011962973698
-6.5319929759417965,7.293891171182215,-84.95057759890958,17.641042482824556
49.33236117591808,42.04415440462371,78.45570878070691,14.322738253773764
-18.09996133430564,-11.476555368317188,-22.375249977406984,30.337153574538515
-20.89314726104138,40.31994312473229,-39.441671832805724,26.92794062380962
12.295182478214958,-33.81260397684814,-23.332069456187796,36.46861798156802
-68.81169513850759,59.29533030170403,69.72199893215156,18.928855549284886
4.344807625193108,30.917435195056072,33.28369433808019,25.102902068147863
-43.70963613506046,-17.668279148592575,-73.24366772405251,23.358020272979005
8.28433437148675,2.0653114172447817,65.89453141113913,38.600037907535764
56.97463911197676,54.12352142322785,-25.10545387560167,14.273853273764015
-82.74409409091903,-19.017046494910186,55.62660279976424,28.905347958893522
1.3702799193581436,33.6675391954155,2.0491080336695635,18.281028238793233
9.457966092305536,64.4419139276768,75.27325288900684,16.78000300352004
-66.99629140031975,66.333979333798,10.550754515582708,13.13117015052192
-46.662581955739306,-29.342649838360632,-24.100776462867305,4.934557026847394
66.27255422078949,41.42058540251559,103.08167180463491,13.022275678858264
65.5446675432161,21.303853922273532,91.12291621041193,18.566148379527537
-62.303009771996464,36.88266248003548,9.83286960608136,28.13928270001082
22.602508106649022,-40.71061503973353,6.275064940457228,7.883887798945815
59.268384416015266,-6.45268763742658,21.06550391818027,32.615813623609505
-49.175508966660104,-1.5883951097140268,35.52841344611875,28.51488620943459
9.67049446027818,37.266898746259635,-40.66868979839725,25.447960851846602
-58.795677549221004,-1.3890808867097657,82.75601614998756,14.695064577954192
-28.358863849303297,-58.457896690038964,-13.18670474023259,18.900468878258035
18.987265010804382,-36.19338326135754,93.3475876173625,24.119081590491
6.9616821259359005,47.844192906687574,16.757846562682605,27.47572607977891
31.60861244641251,53.654655586586415,84.26411958160095,38.141180506101804
-63.16848677854987,11.098350683721755,94.62908783610187,1.9055405652415975
-25.814083620346523,-51.158302914428305,-46.208490587472916,38.90893158000446
46.968396306578065,37.19645657998118,-92.94237889341821,30.91559202885446
5.554914913626051,50.68836305667761,18.81215122517092,32.854760882072576
-14.47128350408448,-20.671276739982666,16.902362484194693,11.627372948544519
-19.875785539421603,2.155146292347678,-33.54642389869301,11.504069705143248
71.23194567543706,-18.67288637920244,-25.105583706036825,30.725301821797537
4.608892601105642,-57.38897409814632,-39.99665663580762,29.037739351500374
-76.57542403575938,37.43778034792395,-77.82933723312122,15.208179440628765
39.08794593650219,-40.954638291711504,-5.541128412724829,15.758945012367489
-33.643572336675724,-53.42242412362049,5.071352632046975,10.665669707209956
-18.585292518693503,53.523344247485205,-11.598021314260093,6.244041998889554
-42.70322159396055,-49.39673957539439,72.55789671251698,7.3600489596103955
-14.38830411974927,39.1766474699277,-10.51784193363923,14.043911433987283
-32.310410513979846,40.80985903104222,55.06697105994368,8.660975355151107
-58.54217387821427,-20.307002934502833,49.05870266836679,23.165679958510747
11.086360648650125,-11.073854123308,3.138183720862757,24.443956629609016
-67.67431425064264,-28.09492343838699,-4.980348043031041,20.125383007232994
35.41293587669387,30.895977663010406,-49.89666544198527,12.431821840723373
-86.39128483327629,66.8638288488459,39.54734671216285,9.434311930361265
30.79047621504516,34.53954055082762,76.82870359203099,18.340445990829064
40.29056033128135,4.443150884289217,83.40574103273403,6.758794683344882
-6.714877005438337,10.120989611637619,61.7047814934464,17.225851556476197
28.65656869276161,-7.5583452477515545,77.95950143407552,7.50241227487886
-43.32965765381459,30.179206614244748,19.11151010011818,24.242060178980196
28.372992292299656,-24.344825587013545,-8.333459313423434,27.87667500598039
-16.877868576361205,-28.368499983955008,100.99745210963982,4.527404188247108
-51.24594556962691,35.306629167511645,34.52821419443323,7.284238833501665
60.62321156697325,-28.556976303778587,-108.43270471156829,12.400597893459693
-17.519996573502077,74.17791228751251,68.90505180158566,10.001214962535162
-25.68130908321823,36.34284181855432,20.34660070271433,33.795956196064125
40.21087662111147,-39.33624051366618,78.1190445470789,16.135433738877225
-25.74911985863036,-55.29614578015275,-18.995654512419748,2.519188333916917
18.232779422940297,16.67073886600385,26.808122566180597,14.057242496298628
-59.079493877574905,-44.169465057868905,19.826689880183515,26.52322689163515
40.973936184651556,4.81516191373981,23.285891468421024,34.49210958829623
-44.179919191610885,19.124580376887053,79.98140397049666,14.8721553081718
-74.72108629206875,46.871694177896025,-17.411394012173606,34.4435763450166
55.5631430059683,-10.045819619465979,39.083430043812676,9.15413829501911
-60.654651655004166,10.333463686558076,84.0115669959492,11.04569443903582
55.5681724340575,49.580243233405604,-73.92171455132923,27.26780365465121
58.6272789540915,-44.526077770035606,75.35812540107835,25.149929220667378
9.56101229752394,-18.06441909565775,44.20545333546241,18.525586072025117
-73.1620379297422,46.763137289466044,-9.665608661791032,6.512885064672367
-82.17980256192622,-15.502274227128582,-94.3404793107898,17.96811150341023
-47.817594021825606,61.90465468063267,0.5440162899951363,7.215008468817055
-21.642003112063886,-46.230207389197616,-61.46662160680915,35.739855307570636
9.307023898578391,-50.77309932749985,-60.9060790480388,34.49075842967961
60.27944459183084,-12.26067415509901,3.1426495662805074,24.41955204793726
-27.32771221238447,0.07269913354040207,22.8909411730586,22.94512411475605
-66.74585513198252,-13.91854483536099,96.00909708448296,4.712233484425568
2.146341249643791,-28.203432586022792,25.90080676162888,4.545830334196609
-63.19260900065763,-1.630325090224566,58.90698372017382,15.411715611035126
-70.87966442816145,65.76294130042858,10.83597921889363,17.320186868653547
1.39033800236728,52.99891376349509,-78.12886474863886,23.65900852180119
23.636312361955625,17.784366003769673,-34.3771663493088,39.375327809120485
-78.41241065418417,-26.397512012583494,-69.59844497636458,13.060014745661707
-12.661831057719018,15.618873428450202,23.489353827200492,30.09787008085119
20.3647788287504,-36.895432937536526,-34.53563974631063,33.5080452283273
37.758907999578604,-45.85971610680427,18.727383637524913,9.911466488877606
-21.272578893154076,35.89972790146012,-35.86816143670743,3.269171507745704
48.07632603756334,-29.713140953553467,-86.81867085259557,6.560918048182002
-57.5788662779054,-36.023356419175975,-54.20880455187425,28.83832931567412
21.835338878205746,50.914060157590235,68.68765738135899,27.042877345096926
34.15926039857044,-35.11063251901126,-6.953618439196126,28.20401933682356
50.184769840437255,-31.538600625336247,39.91909778933678,37.85183459661825
-6.399941655789516,-36.52497211362558,9.80344888534662,7.26423415367554
-68.01386907975305,54.11541635312641,-5.257428119297081,21.30305238104406
-67.81748508207923,26.822767838465946,43.34730300729028,17.460229665777582
-2.176563686612193,-39.605900236626276,77.57149595997325,20.00674823510923
-62.18934918252325,-49.89345630821229,25.740793365599686,17.061954263424276
11.584015117700785,54.139185356084596,64.58985810333749,20.97819803254745
-69.61283630183988,-49.2180314791057,-30.36470602090616,31.436441407573312
28.477132607269787,33.27598264239683,-46.34590523190463,20.49479768935091
-48.48060426096256,28.969932624756765,-94.49588843693776,32.5586096014628
-83.10372161679122,16.778511367465075,9.058174418813683,14.65364773654624
-56.030174594796584,1.9835763636296933,-63.17265637756824,32.20939706704871
-12.625323352297896,-6.225617590923427,-46.88530376173841,24.208128357969482
2.0697834110132884,-22.50549372695133,-5.430236737291602,25.757224848058215
-25.3996946893497,20.46686312309119,-27.374767045985116,19.28473793835536
-51.40898099570501,-41.12484132083389,-60.92969984365113,27.035103220418016
-9.461646725978929,1.583244847155584,-15.136208368709147,17.204469151963337
60.36106060962091,-28.198571799690086,67.65282783645314,22.55656348203809
-1.513112135046451,-12.020480542923385,13.60706743839408,33.36453631645736
62.31374815795412,62.75040839123158,32.86039976039729,1.8857542770149769
-63.53167139681127,15.686526309848263,94.39719084771168,20.250962966280138
71.39101987124351,21.58164910818778,28.227495295289113,13.051336764604567
58.80091283330402,22.668617475816053,104.12132959329612,3.248320243806176
-0.17778741852791916,-60.7836324585536,37.24310851164693,3.931923272918395
-3.0749753350934173,40.219443719076345,71.98790006410466,24.175384381837052
-1.2302564378652507,58.8923419598643,23.69441996540582,2.6415720507697147
52.06659031036765,32.19770726288647,105.65722227064568,25.407339553063434
-79.32362097567109,7.374779396266865,10.454538044688967,3.8203360052412902
14.414243021798653,55.69209914706803,-29.375912323335896,7.377086403686144
-0.49440045156736323,61.01673841429394,35.33804488157796,21.367489788444527
-31.79680878136426,-25.85980144244388,-98.87217340559314,25.616260980693315
32.20215672877557,-31.15448729236385,-13.9057046357091,29.100429294529025
24.742319191841087,-13.787278047592253,96.09373671887695,16.54740275894955
-84.62573602743655,-56.76960644289243,-69.64038292112357,18.120527270432234
22.50257529172359,-30.094221778484957,-15.984598977495091,25.04201613547213
-14.442022643642202,-53.3447397547309,-36.429231996642066,3.8551016099075524
-9.136917095622485,-62.63245850189189,22.61381530606079,15.999080016543118
12.50644100225508,-9.940531341297296,64.21605175516567,21.02841182505442
-63.07825277356108,-51.434581379804484,-36.93218382335444,2.440827987430826
7.618770526940795,1.9214672175245395,14.843726136946577,22.017157886731802
-24.639517379584984,51.513513349099426,-97.82725922786466,22.644393477336124
46.634130335055495,33.86819450645244,-55.62235334450123,28.729327260578227
-53.07744600005062,-55.62762275281082,-12.392356814477234,5.030546893766996
45.10426333548523,38.83599126871459,27.899067827527233,30.471152890462783
27.576029393744076,-37.651983274717196,67.40364119065002,23.603871422374773
12.242989966184098,45.54413161406306,88.18201131400448,14.992577975007483
47.49323154306829,19.971347882359172,3.679092960173287,2.7734571027146115
-85.22463272409446,11.17769679907732,-45.721569987163875,35.65989432573998
7.04731938044058,-3.4914958360190833,69.52928038509248,25.44223438451554
10.006303723648127,71.6046291817902,82.66096288015592,39.76800652469979
20.096019954067547,-30.217770076879564,64.43241224267817,28.92987618310175
-18.381749553345006,62.80046252225839,32.285897726656614,10.553244185682606
-65.69053143354381,-32.01798121701425,27.367650744613552,22.30977369440776
-52.9768204029265,-49.509308130521475,-20.08012793812809,23.45782941528824
8.39530651580262,-30.85720471233549,16.787036475825875,30.337799725341924
-54.3646910317184,-59.83977454937547,-19.662192866652674,15.408870420366569
-70.47145284397067,43.19726946349327,40.16296523921871,23.149250630605568
-21.932018446671634,-33.97683851195388,75.87683574768712,3.3126733120571163
-10.908712374033534,11.720207458384609,-32.702148009850646,28.364476012540727
-1.762168805304593,-24.179910784823548,46.03344795674673,4.116871940372662
-74.63788502340516,-13.280643625241332,-83.30291166248381,17.22850059501652
28.83611273855569,44.06288143404818,-89.37930588929028,26.50951362854785
-25.98753952794173,11.534555805616614,-60.43748928025523,8.956727069750857
31.277401940029492,-21.30142495707523,-42.73788745856724,12.528047238035047
-83.33157027172751,29.503472085666985,-11.80340488675078,24.22286850038326
61.789281156849476,-34.54400470876201,-22.33995687882673,4.932878402007669
6.511675413920371,-51.50784922443314,78.95356888383185,18.555006354197822
62.29153695791752,28.89548910190739,-87.88280763830613,37.8596662121102
62.526789263242506,52.85676662221245,89.98986521352667,10.25202435869053
38.12391289734066,39.74791475857039,-43.63922438111627,31.146517879679838
-61.79924606296246,31.51136258916661,-35.09083535067749,18.76762300020212
-27.10933565008467,62.47951618660809,-4.742795521669528,14.628676823821483
-48.43221387966959,61.16312721822692,-8.09146933603313,17.084743679373723
39.88554345470089,11.776931824565024,13.99581285824072,31.784375129808335
-44.083427922410834,-32.64382283577185,-79.69404191493696,6.35641178912115
-49.94804335006214,16.23792854622204,21.935366213703883,19.60939097677204
-54.82025780887808,-4.526368100708758,-85.94695781589267,13.670686200160969
-57.139235309065825,32.1934896648344,-65.64145434233173,5.772793166027723
55.63701452638393,-11.528746647285196,-41.92099333715807,12.01274523709577
63.02764956813021,-51.77280816453824,4.363629849385724,35.01763656949931
-18.199773347171952,-24.7965140853166,42.99805512015837,17.247660998559642
27.983732304433257,-41.89007673380155,-84.54925027602262,15.959764845475702
-11.618242576773495,30.514794609203765,-94.0337924957614,40.2373374773262
-2.9137461202685437,32.31105957644856,-13.955410787676147,2.746878835257652
-28.616384820185424,8.507982206380905,-49.99169560666173,22.44816728169829
14.350879680141057,-20.583099651142803,43.08439868554941,35.130741587311434
-38.16244450420177,36.01439591706318,60.33710689257263,33.47813478708034
-42.70022191289177,-2.471104082865387,67.51475741125313,11.188095710707747
-4.486492951217163,3.852970044733658,95.88689727609463,12.530590158832483
-51.23334190944437,-29.851829042370206,109.58859762898447,28.335151715754918
-15.435691198484127,61.86533952272078,-43.73617637466372,17.14457343429166
59.5552360828217,-2.3261422727671657,15.639729383222582,3.786458100033078
-69.0555039750673,1.0519697303828,-81.36671562768419,7.770285508390413
-65.39419715407479,-34.97251754673409,10.748194128814674,36.0614314921383
36.425953484459804,-1.8479514808002147,40.703551071462414,20.275789403103154
-68.1901771082295,0.9073484122766651,30.36599948196616,32.83816534773127
-47.71401329633604,-5.291766737985179,99.0643560061641,24.395187889055606
43.733936911130876,35.682505510176924,-22.996842628556443,13.329587726507791
8.269289745991243,-17.576418737031865,-13.078141648236477,14.476944520925127
-53.27425991647906,19.157918457570684,62.887307393290335,17.604031962609675
-60.542977607339736,24.75563926951084,63.6029205080741,15.993709077299592
-39.575742021815444,-44.74939999930309,-55.016071455307326,10.233600578403966
-33.69956343432971,41.78997760136419,-20.122284758714425,15.794830020239543
41.74136505044403,-50.281214794099625,52.46733490340722,10.987627732503672
67.80238243532885,-28.677562149070667,-89.08495594412813,13.104035075991781
32.2086606349959,42.8181919689945,59.72162280243033,24.418649904689325
55.30590364852978,-42.55893183245116,71.38469588968911,16.157740714547987
50.303281694665195,-27.001885009280542,31.14423426307921,4.032659383107294
53.06885148413586,-6.731757282710196,-67.83337307488583,20.712953625752515
53.589870503926534,61.00644373401359,14.654669225401154,37.75509720083195
62.320371341041515,70.73471529817057,-62.83481194168696,40.40065385611923
-71.73627974134102,-28.85874800257398,76.73858046040625,31.879250332337673
-30.244967680607413,21.34606980322947,-42.94615081673625,34.11004172670491
-44.0893547688373,50.58216262402734,-86.26925514799723,7.140575901040161
8.968016631721872,7.104951324623951,-9.220995762878934,27.427845457042203
-6.929874480006021,-16.06524716546918,-58.13154168575533,12.875868681172145
-30.391371175358355,-41.79462869716001,76.7955706411781,12.987599811049416
43.889309883869736,-54.57044088431526,-61.691545949599096,17.266347044705586
-19.115585862540627,-58.81222056775456,-68.65661998212181,32.031112492764
-51.17969538681443,-53.1539577527464,-22.23151470750183,25.807710476398515
-41.891044978897874,33.511749639357056,-9.6574225627076,22.925273232653502
-12.366464567223238,14.803216521636637,8.876967745149507,14.909771583923153
10.624095547221241,-49.05880986405,100.7500588753166,24.304809035604137
2.895948133497437,57.42807137995761,-19.798540368571995,8.932834159776391
-16.17261711469361,62.87570434896428,72.2520156029079,15.839946301537818
-53.017943077105244,-6.825506402739421,-59.91611122228997,30.21310273007155
-20.965037384470236,-12.11714362474074,-2.271763875219007,34.19959145377407
-28.99119370811271,51.35886779775668,70.83395382991363,20.207003857465388
-46.647017040543744,26.24055617313669,66.97645170518402,23.50853085823515
-0.249827258899295,28.38153545929422,27.8850594640063,13.352874942365128
-51.78333516229391,-34.38988856612403,-72.27878037958149,6.534930211346875
24.359894835181944,31.11089380855255,106.08242960624514,21.785463667392126
16.889416246918255,-2.3703237106974284,-24.870755079007434,21.598099288857153
-61.56225384801334,-54.03452879599303,31.89653539044765,3.5122655635094326
10.972663801621213,-45.84534128157636,-89.18741943920418,13.048928465915598
-27.91880357746452,-23.175764220513244,-82.49984094462029,11.16933245140484
-14.814760704587055,-32.01945753224047,-13.519390164668861,33.41198969855431
9.599990421247137,-23.86017770756993,55.37761401173132,21.535474035867384
34.60095724183732,56.79496931950954,49.44419931672551,12.271013914830386
47.268852229388614,-9.4502390023846,-22.71459261513194,13.152896901106194
30.317660192729857,-28.12423567250698,-52.0736581457679,0.0
-45.07999289860208,-42.35883966710249,16.315041220760886,0.0
-0.5530166862080353,-60.102209037262476,-10.890026507466464,0.0
-32.20900739203114,-6.384839090385338,-55.746590810728826,0.0
-73.77178903199416,-6.55736823282563,-76.27450391961264,0.0
1.0102080921642709,-52.15495459062306,-84.43225013289462,0.0
-10.142674231030846,7.075681408423025,-70.70820751358114,0.0
51.54961578910288,-16.888780644840725,60.12843419685733,0.0
-38.703485524666874,-52.54260627219676,91.1271151797111,0.0
48.1839529444601,1.4881399670514446,62.121173371090926,0.0
-4.060294651503232,-40.955527661126105,37.861449833776035,0.0
-76.14591918029693,-34.83023586690222,-8.633136644203558,0.0
21.577458755190555,38.374829316200966,-39.15506267615014,0.0
-43.28524674444019,-4.478923057017043,-2.7051453419587195,0.0
-1.5370737411160122,-13.270080994609655,-17.340818656006995,0.0
-66.9025051161813,9.542602848022522,70.7814929303989,0.0
-81.27767939519218,36.26757036893249,93.99830297471745,0.0
52.572712144273474,24.66877297449248,-15.08420538014786,0.0
-85.15898531054995,57.349840931469735,-34.53386269368481,0.0
-58.50444451314956,41.85580534034348,40.22352174656988,0.0
-57.16170680889298,-15.001986855932058,93.68858815056095,0.0
-60.01744009834501,65.16395890307797,95.11994897926455,0.0
40.429998920724834,-59.321703573159965,106.31284587379152,0.0
72.69693163905501,-24.572625121509454,55.99219920644607,0.0
13.920259308797778,-45.8355712484684,73.55739397452433,0.0
-20.092660274838416,-10.53850694814074,-4.039102284258153,0.0
55.05645197881006,-12.301228128201407,34.86782304148818,0.0
-6.446004232079039,-8.94410327908144,-58.69568312461054,0.0
-62.2620048642145,16.823845168676808,78.9986664287837,0.0
20.205486132874295,-12.624337292730345,-54.10131641734262,0.0
-23.839547103057004,2.2999172909462624,54.91167632168405,0.0
-41.56017793604703,33.55570372757817,56.85052571775507,0.0
-34.47093062769483,50.21714488744576,71.32190616521773,0.0
-23.338399565812775,65.19334923108202,-23.028923960612982,0.0
-53.4319541750721,-10.803845472351373,-1.0100501230457724,0.0
10.793900210549932,-11.50792473094664,-107.93532476579882,0.0
47.5110422617897,70.53793262485897,73.26067855112294,0.0
3.134283016141063,52.401203180833704,17.819170147078097,0.0
-84.31747703815351,64.4309648464054,-63.296302954994665,0.0
19.7869320402266,-42.79959508316107,-32.23721939135249,0.0
-85.45343830336924,-21.065115529314458,-18.4716885557248,0.0
-9.195621463654668,-5.153429039362222,-3.3237809484644285,0.0
42.570755256240716,-21.108449429148155,-37.658912090198065,0.0
15.78284546085285,0.01897165495132989,-43.77476268931973,0.0
55.248300478364726,72.70513820162122,7.219619014510971,0.0
29.028110137395863,-9.909106617903255,50.20156337997862,0.0
-36.70077939036291,5.906361384132972,-4.3516292806655335,0.0
-63.103673104747834,-14.92957248120834,-8.956986969447183,0.0
-15.59808976766235,15.949097146727077,-23.023619379264577,0.0
22.11913367710778,11.446999949401375,90.27957798018335,0.0
-51.539068404059876,-43.450537374158785,59.47930304020534,0.0
-28.731747875104258,-50.05283490119792,44.90682288825861,0.0
28.5275240567089,38.18593667604097,-85.2847573235714,0.0
-27.949439952538157,39.04095465539429,56.43500729664867,0.0
9.220656328486863,-17.945625804529346,-11.373468453387263,0.0
-0.0175795199910662,-31.247614879391318,46.187322511837635,0.0
60.117877118649865,-49.40242343441655,-4.315115022618771,0.0
-77.81976994084117,18.65281266046543,-95.43649178696248,0.0
-56.01344662285589,9.970528651501782,10.529198545435197,0.0
36.07324073830386,57.83641461698698,50.22484615335508,0.0
18.1791547019658,28.59049179780076,-68.05551596816234,0.0
-66.76425645626496,12.916034294238308,21.099573149169945,0.0
-58.744445494147946,18.747358447306507,-40.90222539898301,0.0
-51.82214324587439,53.35963520760707,-90.5979388587019,0.0
-0.38133727294697245,61.53617930844778,-105.27451166392498,0.0
50.59680286817184,-34.676366013081164,-21.86840051121708,0.0
-42.48840371236522,-37.32342440623503,-53.345261539521594,0.0
-55.79935252240574,-42.35215341511796,-56.05187591736784,0.0
20.816803041125937,-51.270897340301545,-33.419255633833984,0.0
-15.757500696663058,57.84080535462455,57.097653778823485,0.0
43.03726357436704,54.36562875937578,5.175544006059783,0.0
72.34602348359562,5.07213663161018,16.735793641227083,0.0
52.37605943294173,32.77473531692592,73.5476335580708,0.0
21.184885849243535,22.441927040143835,-50.4225047103166,0.0
-6.9564316772089745,23.172118863349194,82.9890686134967,0.0
-69.89958654204595,-9.351178750666165,35.36551625130061,0.0
34.71404760240541,56.29070805587426,38.871754968629354,0.0
-18.21762953973799,-18.853943367194816,64.28634209601859,0.0
-9.32797191816251,-48.29365674842607,-75.46192929508923,0.0
12.092909256409877,-50.84005604859898,-16.928614057120836,0.0
64.75664248182058,34.79234952868477,10.500228611577624,0.0
1.4049043648211208,40.73302737466154,8.412499151024175,0.0
61.749500093514705,50.400742042452286,98.02041419110557,0.0
59.922111877742964,48.260143661860305,-51.243123000101264,0.0
-66.55618338018081,-30.36920323121886,-49.183323037098354,0.0
-31.497592614018092,-12.355069407835623,56.33407662441559,0.0
47.77864183334927,-21.29324124433871,54.02467921943162,0.0
31.568281084028538,50.794108182096124,-33.485560974148115,0.0
64.78438004237567,-55.90156913937914,-72.02911155975366,0.0
-56.408268681718496,-21.597968381159028,1.1575727248778889,0.0
-1.9815351412842173,23.993582225255356,13.742552837114163,0.0
59.97567621486039,22.884021780356978,73.38302565945008,0.0
-0.9085844449165211,-54.11748052675798,14.443340836136057,0.0
18.698248989868777,-42.88846351882655,9.818679097630397,0.0
61.56882958538875,-33.129519235936655,68.05448447929113,0.0
-59.188381694555986,-26.098792834989595,30.873837178110023,0.0
-77.90950942916791,5.825871342713041,25.196974623473167,0.0
49.34475804000261,-56.73379681448393,-108.03248230051081,0.0
4.646409305540233,43.67586912905152,44.1459196031887,0.0
-43.73017218737901,0.26108612368994194,-10.398979069288393,0.0
40.3957474778182,23.546896021296956,8.764220711644818,0.0
-34.82366433781263,-12.06852893834493,9.271020735736768,0.0
-49.07760609606848,48.74710375961547,55.90425784208713,0.0
-34.783271131076575,-50.72623089246962,-68.31623733063515,0.0
-60.279366491765316,57.17105498992068,63.05874222614376,0.0
-21.615066921181356,-25.696493706864164,-84.27183726472798,0.0
34.85175748680972,6.445054796132947,67.60938692805112,0.0
-12.32907844892018,12.891210026278003,67.70602880186654,0.0
70.08224977151194,28.60541130565197,-83.2913811215001,0.0
-74.77915789686058,9.214048725720454,10.936472824792288,0.0
-52.72255019397645,35.62369691469087,59.71196489876949,0.0
-64.91263741464124,-49.05523320727103,-29.215170078837662,0.0
4.740279856068183,9.899702024628203,-73.04880281324778,0.0
-46.646706696912474,5.159072769826272,105.67110561006673,0.0
17.888118126323352,15.978427601409143,-45.151597987536036,0.0
-3.6425406754762064,-46.70186350151909,93.25739211873909,0.0
4.933115842731293,29.84653030235797,-27.786954995570994,0.0
40.905029306067,-42.657359414771854,88.36086000446626,0.0
33.27044045206114,-39.81433475333023,13.78856451177677,0.0
59.45764868869635,-56.896383086506255,-92.51306846507222,0.0
-57.73122693685283,72.83222525065372,-48.4561009773969,0.0
-25.965994845235073,-34.42874948845792,21.181739511309235,0.0
71.54655355878455,30.30665847016145,-92.51784004606374,0.0
-22.353307222476115,-56.37894270283215,-51.42041064520011,0.0
-37.71911990929256,18.215448308864755,-24.44291772311146,0.0
-9.11030931060489,-29.03574175483751,-77.12779488120619,0.0
-52.404948923844444,19.058194877723214,73.56229393102119,0.0
49.22419740684278,28.65458382923145,5.2238829865849,0.0
13.521496881634265,27.967920389078373,-29.032472661247034,0.0
-72.34313765545586,9.66588415280609,-22.623006173705104,0.0
58.20210799127107,32.70980367607641,-75.84016951367278,0.0
-4.101039083786984,-56.12419441203885,22.187078076089513,0.0
-47.95733558060864,-57.526359772801186,40.09338236709542,0.0
9.005765784792523,-29.746162249479582,44.0569797643999,0.0
61.955778767313866,-1.432184156538409,82.25034957907626,0.0
-24.34163479542551,37.44702490239817,59.3200540652954,0.0
-68.69440234330506,-52.8364214292031,-26.91085068450354,0.0
-50.18029571087845,-29.669799461528758,-45.66579522443745,0.0
-78.72812464523496,7.283094313903629,-76.44304425737735,0.0
-2.5885386912134343,-15.918629906110061,42.092507163329614,0.0
-34.15219784257518,-58.53503910599002,33.5938972378159,0.0
44.16352273116508,-21.238069164041924,-74.51360487242583,0.0
-48.949917751188835,-53.51187698951811,45.25733033420075,0.0
-72.97851688053136,-53.869584759060615,77.97596676572229,0.0
-12.821442529953181,43.859580600114015,-93.00973812194793,0.0
-69.40830212413482,-15.265521013954158,31.05592065191354,0.0
-29.545280815380767,29.485823502414235,52.05041985447988,0.0
-51.4411614311362,-29.08921107888149,55.37244382156286,0.0
-53.00230624229274,31.520847684728352,-44.10914048362634,0.0
13.133356659929078,56.908887917481835,-23.591779441488082,0.0
64.65736048338186,-57.132937856779584,-78.34197953696622,0.0
-30.599306255319053,14.487044601844378,-56.772992726893776,0.0
12.03937208907561,54.867724743874106,17.302155886319756,0.0
-31.798955804253694,36.144818632636635,74.09420470118948,0.0
42.90562606627423,-48.63210939673429,-30.0844493863377,0.0
1.1356757094200145,32.758486271204305,33.7286511830577,0.0
-83.15106564895918,37.58534414289306,100.11530668184699,0.0
25.65731053576778,-38.78439287799244,44.89858650488449,0.0
-58.87017385656914,20.107286237058364,-60.246612620493046,0.0
-66.65484210602936,20.90854397797517,-28.64828254475696,0.0
-87.97328233665644,-40.11016736519136,84.61211996961113,0.0
48.1384235528421,45.21298890416834,-85.53804162134308,0.0
25.55142234252782,51.166168715632836,0.1856896843646165,0.0
-27.19604264663601,-48.91664851977548,-23.575800811765387,0.0
2.0737244352434194,1.0463451194265556,-53.19726822966879,0.0
25.320619592401183,14.46248754894069,15.423526312812678,0.0
-67.43219260153255,-56.78246398798688,-31.941006829260544,0.0
22.53978534660916,7.9043294046956,-47.070340351533034,0.0
22.805010812632403,65.66487429186884,70.28798353627452,0.0
60.94721484839904,-16.511725533364853,44.07736489605403,0.0
-64.41511970680949,4.733904535372372,78.76029251758894,0.0
3.890943625673326,55.6641488369456,-92.46022651440113,0.0
-4.808642911863955,48.43445223200144,55.424266094451895,0.0
43.31931290803698,57.37247959487752,-3.4223527409242642,0.0
-29.297352413515938,-46.62887044020246,2.313989589808262,0.0
17.82203680934359,75.21818800787489,67.502093100468,0.0
41.97721914998559,-18.021911003968718,6.358128526762271,0.0
-28.9486565933127,-12.276113059917051,84.73341493901181,0.0
-3.6050606381558894,-41.47488812695866,47.91382916233793,0.0
46.7268408309498,39.11536233450577,-85.28051639752076,0.0
-68.11997914804778,16.96206657623485,68.8079777025002,0.0
56.95661929254112,-0.6857517303816982,-30.33635349691487,0.0
-33.41023447177696,4.134098474620202,9.291326018661502,0.0
-13.20512815684652,6.388228660394005,3.8673247524182726,0.0
-34.15863994926859,11.97140899460934,26.270772001425655,0.0
31.842272327239176,-44.52669264982607,-77.82680708394473,0.0
-1.4172554477419463,28.869126106047354,6.059441063104938,0.0
23.98554261559688,-25.18558168418399,39.63178889057706,0.0
-65.70242446643192,-59.795295450454006,-37.4241293125644,0.0
46.525663535309356,62.66068876403555,52.78009570028428,0.0
46.8550819671478,-56.08559492707388,4.620806768362111,0.0
17.91613672958056,45.654808305217045,-8.400040545689773,0.0
-53.57283146604357,35.749222882189535,-59.126606262017376,0.0
-31.506644660701237,-4.324036926229996,-59.37889482734903,0.0
-12.193714902426198,19.42346721773481,-23.00179854707402,0.0
-62.294053814752225,-32.17557815029284,-2.332683763915245,0.0
64.50955651441404,-31.57634760728062,82.5942956290362,0.0
-17.15568503021213,50.16793933773371,39.35005881654428,0.0
65.36914518421169,40.826593726725406,-63.1043859797902,0.0
-51.094522495189516,28.126467495171223,-58.57857604207253,0.0
14.151576159879998,-0.6950121902067677,79.34741235740415,0.0
33.616629264641844,-41.03081017674897,-91.1176040266942,0.0
13.208396003897137,41.00852299207454,89.91520242259308,0.0
-14.59256767919924,64.77508785000344,63.43132630520113,0.0
-86.95117653518408,-16.850695371389346,62.27646728900955,0.0
-19.50839091235066,19.531865411842613,-61.94316177365868,0.0
-24.81409558535489,-35.0978774800086,64.22258641151183,0.0
60.99486671864744,65.10452227201455,-0.9520621076439159,0.0
50.19466943986142,35.2668555464815,-11.173568852169215,0.0
67.6927428941,-46.84940962701861,-53.65935939662364,0.0
55.46701133746467,32.08137149986276,-33.91234055014599,0.0
-45.39365884844679,23.39077917695806,33.450832976885025,0.0
-79.79243422178281,-3.0925184610275127,-42.32743548796989,0.0
-30.41262736768503,17.64926271431452,87.53398291316593,0.0
-69.49873489810057,52.77973540248061,58.64824758934585,0.0
-72.8743042004265,27.406873512528996,94.79376082590524,0.0
